10 10
9 1 3
4 3 21
1 1 1
0 4 5
8 5 4
5 0 31
5 5 4
2 3 3
7 2 2
2 8 2
 9999 
10 10
0 2 51
4 5 21
7 7 3
4 7 3
9 1 2
1 4 21
9 4 1
6 0 4
9 6 3
1 0 41
 9999 
10 10
0 6 3
9 0 2
3 0 1
2 6 31
0 0 21
2 9 21
9 4 4
6 6 3
1 2 51
3 4 41
 9999 
10 10
0 3 4
4 0 21
7 0 31
7 6 3
2 5 2
0 8 51
0 1 1
4 3 4
6 2 3
8 3 2
 9999 
10 10
9 2 4
0 1 3
2 0 31
2 9 21
0 5 41
5 4 31
7 0 2
1 7 51
4 2 1
8 7 2
 9999 
10 10
7 9 31
1 0 21
2 9 21
9 4 4
6 0 31
1 2 51
3 6 41
0 8 1
0 4 21
3 4 31
 9999 
10 10
2 0 4
1 5 41
7 0 31
4 0 3
1 7 21
4 7 21
9 3 1
2 9 31
7 3 5
9 8 2
 9999 
10 10
4 7 3
5 1 41
2 7 3
0 1 2
0 8 2
0 4 51
9 3 3
8 8 2
2 2 1
6 6 4
 9999 
10 10
3 9 31
0 0 4
4 1 31
2 1 2
2 5 31
4 3 21
4 7 41
9 0 5
9 8 2
2 7 1
 9999 
10 10
9 0 4
7 2 4
0 8 1
3 2 2
1 5 21
5 9 31
1 2 2
2 7 3
9 5 3
5 1 5
 9999 
10 10
0 0 5
7 0 3
0 6 41
5 4 3
2 1 41
4 8 2
7 8 21
9 1 2
7 4 31
3 4 1
 9999 
10 10
0 5 4
7 3 3
2 8 2
3 1 41
0 2 2
4 9 31
2 6 31
9 0 5
2 3 1
8 8 21
 9999 
10 10
0 6 41
7 1 31
5 0 3
5 7 3
0 4 51
9 4 4
1 1 1
7 4 2
1 8 21
7 9 21
 9999 
10 10
1 0 41
8 0 2
8 3 21
0 8 31
0 2 51
6 0 3
4 5 21
8 5 4
0 4 3
5 8 1
 9999 
10 10
7 5 31
3 0 31
0 3 4
5 3 41
5 6 1
7 0 2
3 3 3
0 1 21
0 9 21
3 8 51
 9999 
10 10
7 4 4
0 1 4
2 1 3
4 2 3
9 3 5
8 9 21
0 8 2
4 9 21
3 7 31
6 2 1
 9999 
10 10
5 6 2
3 4 4
4 9 21
1 0 4
3 0 31
1 5 2
9 4 3
5 4 1
7 8 31
7 1 5
 9999 
10 10
9 0 3
2 4 31
0 3 3
3 0 41
3 2 51
3 7 21
0 0 21
6 4 4
8 4 1
0 8 21
 9999 
10 10
5 4 5
0 6 4
2 8 2
8 5 21
0 1 31
0 3 41
2 6 1
7 8 31
7 3 21
4 0 31
 9999 
10 10
0 0 51
2 4 3
8 2 3
0 2 4
6 0 21
9 0 1
4 5 31
4 8 2
7 7 2
2 2 41
 9999 
10 10
5 7 51
2 0 21
5 4 2
0 2 3
2 3 2
7 2 3
0 6 4
9 3 3
2 6 4
5 9 1
 9999 
